
             o  ,    o  ,                                                                              Astronomical Applications Dept.
Location: W000 07, N51 30                          Rise and Set for the Sun for 2000                   U. S. Naval Observatory        
                                                                                                       Washington, DC  20392-5420     
                                                            Universal Time                                                            
                                                                                                                                      
                                                                                                                                      
       Jan.       Feb.       Mar.       Apr.       May        June       July       Aug.       Sept.      Oct.       Nov.       Dec.  
Day Rise  Set  Rise  Set  Rise  Set  Rise  Set  Rise  Set  Rise  Set  Rise  Set  Rise  Set  Rise  Set  Rise  Set  Rise  Set  Rise  Set
     h m  h m   h m  h m   h m  h m   h m  h m   h m  h m   h m  h m   h m  h m   h m  h m   h m  h m   h m  h m   h m  h m   h m  h m
01  0806 1602  0740 1649  0645 1741  0535 1834  0432 1924  0349 2008  0348 2021  0425 1948  0513 1846  0601 1738  0654 1633  0744 1555
02  0806 1603  0738 1651  0643 1743  0533 1836  0430 1926  0348 2009  0349 2020  0426 1946  0515 1844  0603 1735  0656 1631  0746 1554
03  0806 1604  0737 1652  0641 1745  0531 1838  0428 1927  0347 2010  0349 2020  0428 1945  0517 1842  0605 1733  0658 1629  0747 1554
04  0806 1605  0735 1654  0639 1747  0529 1839  0426 1929  0347 2011  0350 2019  0429 1943  0518 1840  0606 1731  0700 1628  0748 1553
05  0805 1606  0734 1656  0636 1748  0526 1841  0425 1931  0346 2012  0351 2019  0431 1941  0520 1837  0608 1729  0701 1626  0749 1553
06  0805 1607  0732 1658  0634 1750  0524 1843  0423 1932  0346 2013  0352 2018  0432 1939  0521 1835  0610 1726  0703 1624  0751 1552
07  0805 1608  0730 1700  0632 1752  0522 1844  0421 1934  0345 2014  0353 2018  0434 1938  0523 1833  0611 1724  0705 1623  0752 1552
08  0804 1610  0729 1701  0630 1754  0520 1846  0419 1935  0345 2015  0354 2017  0435 1936  0525 1830  0613 1722  0707 1621  0753 1552
09  0804 1611  0727 1703  0628 1755  0517 1848  0418 1937  0344 2016  0355 2016  0437 1934  0526 1828  0615 1720  0708 1620  0754 1552
10  0803 1612  0725 1705  0625 1757  0515 1849  0416 1939  0344 2016  0356 2015  0438 1932  0528 1826  0616 1718  0710 1618  0755 1552
11  0803 1614  0723 1707  0623 1759  0513 1851  0415 1940  0344 2017  0357 2015  0440 1930  0529 1824  0618 1715  0712 1616  0756 1551
12  0802 1615  0721 1709  0621 1800  0511 1853  0413 1942  0343 2018  0358 2014  0442 1928  0531 1821  0620 1713  0714 1615  0757 1551
13  0802 1617  0720 1711  0619 1802  0509 1854  0411 1943  0343 2018  0359 2013  0443 1926  0532 1819  0621 1711  0715 1614  0758 1551
14  0801 1618  0718 1712  0616 1804  0507 1856  0410 1945  0343 2019  0400 2012  0445 1924  0534 1817  0623 1709  0717 1612  0759 1552
15  0800 1620  0716 1714  0614 1806  0504 1858  0408 1946  0343 2019  0401 2011  0446 1922  0536 1814  0625 1707  0719 1611  0800 1552
16  0759 1621  0714 1716  0612 1807  0502 1859  0407 1948  0343 2020  0402 2010  0448 1920  0537 1812  0627 1705  0721 1609  0801 1552
17  0758 1623  0712 1718  0610 1809  0500 1901  0405 1949  0343 2020  0404 2009  0449 1918  0539 1810  0628 1702  0722 1608  0801 1552
18  0757 1625  0710 1720  0607 1811  0458 1903  0404 1951  0343 2021  0405 2008  0451 1916  0540 1807  0630 1700  0724 1607  0802 1552
19  0756 1626  0708 1722  0605 1812  0456 1904  0403 1952  0343 2021  0406 2007  0453 1914  0542 1805  0632 1658  0726 1606  0803 1553
20  0755 1628  0706 1723  0603 1814  0454 1906  0401 1953  0343 2021  0407 2005  0454 1912  0544 1803  0633 1656  0727 1605  0803 1553
21  0754 1629  0704 1725  0600 1816  0452 1908  0400 1955  0343 2021  0409 2004  0456 1910  0545 1801  0635 1654  0729 1603  0804 1554
22  0753 1631  0702 1727  0558 1817  0450 1909  0359 1956  0343 2022  0410 2003  0457 1908  0547 1758  0637 1652  0731 1602  0804 1554
23  0752 1633  0700 1729  0556 1819  0448 1911  0358 1958  0344 2022  0411 2001  0459 1906  0548 1756  0639 1650  0732 1601  0805 1555
24  0751 1635  0658 1731  0554 1821  0446 1913  0357 1959  0344 2022  0413 2000  0501 1904  0550 1754  0640 1648  0734 1600  0805 1555
25  0750 1636  0656 1732  0551 1822  0444 1914  0355 2000  0344 2022  0414 1959  0502 1902  0552 1751  0642 1646  0735 1559  0805 1556
26  0748 1638  0654 1734  0549 1824  0442 1916  0354 2001  0345 2022  0416 1957  0504 1859  0553 1749  0644 1644  0737 1559  0806 1557
27  0747 1640  0652 1736  0547 1826  0440 1918  0353 2003  0345 2022  0417 1956  0505 1857  0555 1747  0646 1642  0738 1558  0806 1558
28  0746 1642  0649 1738  0544 1827  0438 1919  0352 2004  0346 2021  0419 1954  0507 1855  0557 1745  0647 1640  0740 1557  0806 1558
29  0744 1643  0647 1739  0542 1829  0436 1921  0351 2005  0347 2021  0420 1953  0509 1853  0558 1742  0649 1639  0741 1556  0806 1559
30  0743 1645             0540 1831  0434 1922  0351 2006  0347 2021  0422 1951  0510 1851  0600 1740  0651 1637  0743 1555  0806 1600
31  0741 1647             0538 1833             0350 2007             0423 1950  0512 1848             0653 1635             0806 1601

